1 valid 234815             234815
2 valid 155271616759       155271851574
3 valid 8580336       155280431910
4 valid 189612       155280621522
5 valid 17087913891       172368535413
6 valid 4724307587818      4896676123231
7 valid 25057637      4896701180868
10 valid 6937026      4896708117894
11 valid 16490320      4896724608214
12 valid 81202174      4896805810388
14 valid 527172      4896806337560
15 valid 2799      4896806340359
17 valid 8043570      4896814383929
18 valid 43643248      4896858027177
19 valid 583307      4896858610484
20 valid 10272379      4896868882863
22 valid 892457      4896869775320
23 valid 133629334      4897003404654
24 valid 5784660503      4902788065157
25 valid 4400201      4902792465358
26 valid 1091316      4902793556674
27 valid 909346771      4903702903445
28 valid 73663      4903702977108
33 valid 1374726      4903704351834
37 valid 163723896      4903868075730
39 valid 173811792      4904041887522
40 valid 1447453      4904043334975
41 valid 29495757285      4933539092260
46 valid 86058621      4933625150881
47 valid 41337379      4933666488260
48 valid 9744108902      4943410597162
50 valid 198731      4943410795893
51 valid 84748076541      5028158872434
52 valid 2529151157      5030688023591
53 valid 2228      5030688025819
56 valid 37595457      5030725621276
57 valid 263091920      5030988713196
59 valid 5450841      5030994164037
60 valid 643963238282      5674957402319
61 valid 171085643      5675128487962
62 valid 45690309      5675174178271
63 valid 5564104817      5680738283088
65 valid 87323      5680738370411
68 valid 762      5680738371173
69 valid 307671      5680738678844
70 valid 2932551      5680741611395
74 valid 4346316390      5685087927785
75 valid 527476015      5685615403800
76 valid 7028573625      5692643977425
77 valid 93857      5692644071282
79 valid 13074553      5692657145835
81 valid 1123      5692657146958
82 valid 1376356816      5694033503774
83 valid 314881054465      6008914558239
84 valid 23746140      6008938304379
86 valid 169538      6008938473917
87 valid 10188004277      6019126478194
88 valid 53849072361      6072975550555
89 valid 102705      6072975653260
90 valid 6862448      6072982515708
91 valid 56087      6072982571795
92 valid 188280018      6073170851813
93 valid 3521099170      6076691950983
95 valid 574320039      6077266271022
96 valid 48049      6077266319071
97 valid 9770796      6077276089867
99 valid 90545520      6077366635387
101 valid 283849008      6077650484395
102 valid 1420968      6077651905363
108 valid 3992      6077651909355
109 valid 470473510      6078122382865
110 valid 1933330256      6080055713121
111 valid 391837988      6080447551109
112 valid 41215      6080447592324
113 valid 932574      6080448524898
115 valid 19826832189      6100275357087
117 valid 14027830830      6114303187917
118 valid 56176536      6114359364453
119 valid 441309276      6114800673729
120 valid 297893      6114800971622
121 valid 53805752      6114854777374
122 valid 31530      6114854808904
123 valid 7174489      6114861983393
124 valid 153772299459      6268634282852
125 valid 7038084958      6275672367810
126 valid 27975      6275672395785
128 valid 335534490      6276007930275
130 valid 630040988      6276637971263
131 valid 900135925      6277538107188
132 valid 2834904      6277540942092
133 valid 37470200672      6315011142764
134 valid 1736124      6315012878888
135 valid 7869680      6315020748568
139 valid 7402326818339     13717347566907
140 valid 180366     13717347747273
141 valid 103360506330     13820708253603
143 valid 59315037424     13880023291027
145 valid 168954     13880023459981
146 valid 4697629     13880028157610
147 valid 21028140     13880049185750
150 valid 1518169539     13881567355289
153 valid 13761434     13881581116723
154 valid 36652742     13881617769465
156 valid 327773952     13881945543417
157 valid 399669886     13882345213303
158 valid 6890073     13882352103376
159 valid 113214     13882352216590
160 valid 787574304     13883139790894
162 valid 490344553     13883630135447
163 valid 11283196     13883641418643
164 valid 392017032     13884033435675
166 valid 540982     13884033976657
167 valid 79329     13884034055986
168 valid 763474860     13884797530846
169 valid 54     13884797530900
171 valid 11664     13884797542564
172 valid 2169144     13884799711708
174 valid 220739980     13885020451688
175 valid 127746     13885020579434
177 valid 2287761     13885022867195
179 valid 1422687066     13886445554261
180 valid 157354426236     14043799980497
181 valid 610084     14043800590581
182 valid 80898918     14043881489499
186 valid 34146279     14043915635778
190 valid 138     14043915635916
191 valid 147849564004     14191765199920
192 valid 8847     14191765208767
195 valid 722647     14191765931414
196 valid 13280839264     14205046770678
198 valid 2524032     14205049294710
199 valid 801191452     14205850486162
202 valid 3374254     14205853860416
203 valid 15093     14205853875509
207 valid 26987199     14205880862708
208 valid 520177     14205881382885
211 valid 4514904676     14210396287561
212 valid 5168     14210396292729
213 valid 1014610     14210397307339
214 valid 118433     14210397425772
215 valid 21913289376     14232310715148
216 valid 1998     14232310717146
220 valid 211665306879     14443976024025
222 valid 6415     14443976030440
223 valid 63754677     14444039785117
226 valid 1375304961     14445415090078
227 valid 890426953     14446305517031
228 valid 16774347156     14463079864187
231 valid 350630     14463080214817
233 valid 29996424973     14493076639790
235 valid 1957877082     14495034516872
236 valid 1535     14495034518407
237 valid 6003072855     14501037591262
238 valid 42639052854     14543676644116
239 valid 62301     14543676706417
241 valid 567     14543676706984
242 valid 426745     14543677133729
244 valid 1435267     14543678568996
245 valid 122151     14543678691147
247 valid 57454838427     14601133529574
248 valid 1831360     14601135360934
249 valid 55892870     14601191253804
251 valid 578540160     14601769793964
252 valid 965197554     14602734991518
254 valid 358902     14602735350420
256 valid 511     14602735350931
257 valid 18974676     14602754325607
258 valid 9740211     14602764065818
260 valid 1792345     14602765858163
261 valid 10447     14602765868610
262 valid 7032854752     14609798723362
263 valid 32524773     14609831248135
264 valid 105636707     14609936884842
267 valid 53911     14609936938753
268 valid 16540603     14609953479356
269 valid 635047284121     15245000763477
270 valid 3498179460048     18743180223525
272 valid 2673431161     18745853654686
273 valid 992     18745853655678
274 valid 34751772     18745888407450
276 valid 399393     18745888806843
277 valid 21013231642     18766902038485
278 valid 3335004     18766905373489
279 valid 3363268     18766908736757
280 valid 5822561565     18772731298322
281 valid 242218567     18772973516889
282 valid 3936275     18772977453164
283 valid 11537194338144     30310171791308
286 valid 647     30310171791955
287 valid 341416031     30310513207986
288 valid 1452753     30310514660739
289 valid 6804     30310514667543
291 valid 145350     30310514812893
292 valid 6276679     30310521089572
293 valid 58725315257     30369246404829
297 valid 2037239837     30371283644666
298 valid 99372320     30371383016986
299 valid 156820     30371383173806
301 valid 18351     30371383192157
302 valid 879044880     30372262237037
303 valid 13148172     30372275385209
305 valid 33108201     30372308493410
308 valid 377102966     30372685596376
309 valid 5207     30372685601583
311 valid 6833185492     30379518787075
312 valid 8995831     30379527782906
313 valid 64063     30379527846969
314 valid 189629583557     30569157430526
315 valid 667400891     30569824831417
316 valid 535715     30569825367132
318 valid 17619000     30569842986132
319 valid 1384137216     30571227123348
320 valid 153820     30571227277168
322 valid 5116097     30571232393265
323 valid 625625     30571233018890
325 valid 14318248     30571247337138
326 valid 12041646     30571259378784
328 valid 22218206396758     52789465775542
329 valid 29293466     52789495069008
330 valid 2043     52789495071051
331 valid 552330     52789495623381
332 valid 2564011611     52792059634992
333 valid 38646     52792059673638
334 valid 7137998     52792066811636
335 valid 44663     52792066856299
336 valid 2277256255     52794344112554
339 valid 14221542     52794358334096
341 valid 246743     52794358580839
342 valid 3160602     52794361741441
343 valid 43848294     52794405589735
344 valid 862506240     52795268095975
345 valid 4969     52795268100944
347 valid 556935795     52795825036739
348 valid 438347796     52796263384535
349 valid 101329722098     52897593106633
351 valid 89178     52897593195811
352 valid 13972204     52897607168015
356 valid 135972749     52897743140764
358 valid 14318725     52897757459489
360 valid 583     52897757460072
361 valid 257321712     52898014781784
363 valid 1438277     52898016220061
364 valid 3771839519     52901788059580
365 valid 1758340     52901789817920
366 valid 5275488825     52907065306745
368 valid 9450     52907065316195
370 valid 804519     52907066120714
371 valid 66106     52907066186820
372 valid 68453598     52907134640418
373 valid 951596     52907135592014
374 valid 98538336263     53005673928277
375 valid 911484     53005674839761
377 valid 103459686     53005778299447
378 valid 115965921     53005894265368
380 valid 19649     53005894285017
381 valid 5027443270     53010921728287
382 valid 1920817     53010923649104
384 valid 127832584428     53138756233532
386 valid 5414824290     53144171057822
387 valid 345251177859     53489422235681
389 valid 184177     53489422419858
390 valid 508375     53489422928233
392 valid 5249836800     53494672765033
393 valid 275554044     53494948319077
394 valid 624     53494948319701
395 valid 576516693     53495524836394
397 valid 739388     53495525575782
398 valid 819857339208     54315382914990
400 valid 66557741426     54381940656416
401 valid 108308520     54382048964936
402 valid 204651     54382049169587
403 valid 2508     54382049172095
404 valid 11483     54382049183578
405 valid 2455900     54382051639478
406 valid 1878400     54382053517878
407 valid 272387     54382053790265
409 valid 1572619563     54383626409828
410 valid 1293     54383626411121
411 valid 19662     54383626430783
412 valid 9368735930490     63752362361273
413 valid 17389031     63752379750304
414 valid 46884     63752379797188
415 valid 522     63752379797710
417 valid 13246734     63752393044444
419 valid 10632348     63752403676792
420 valid 1906238880     63754309915672
421 valid 115357     63754310031029
422 valid 527211     63754310558240
423 valid 1645989082     63755956547322
424 valid 2396     63755956549718
426 valid 643028     63755957192746
427 valid 1743917     63755958936663
428 valid 6515470     63755965452133
430 valid 5540262     63755970992395
431 valid 277206086     63756248198481
432 valid 980162     63756249178643
433 valid 3542490     63756252721133
434 valid 652680     63756253373813
435 valid 3471     63756253377284
436 valid 42356     63756253419640
438 valid 8832693     63756262252333
439 valid 4956     63756262257289
441 valid 3844233     63756266101522
442 valid 10332     63756266111854
443 valid 56814705894     63813080817748
445 valid 4349305992772     68162386810520
446 valid 29479     68162386839999
448 valid 165789     68162387005788
449 valid 118010445     68162505016233
451 valid 73226602495     68235731618728
452 valid 2011100     68235733629828
453 valid 146136086     68235879765914
456 valid 3663504     68235883429418
459 valid 72035028     68235955464446
460 valid 1069     68235955465515
461 valid 50223360920     68286178826435
464 valid 2270164     68286181096599
465 valid 5441524     68286186538123
466 valid 1076     68286186539199
468 valid 1254937608     68287441476807
469 valid 9735     68287441486542
472 valid 3223380     68287444709922
473 valid 99930     68287444809852
474 valid 5470080     68287450279932
476 valid 5871813984     68293322093916
478 valid 20499203     68293342593119
481 valid 977491676593     69270834269712
482 valid 12702104     69270846971816
485 valid 406030588798     69676877560614
486 valid 100340500685     69777218061299
487 valid 43203     69777218104502
488 valid 322535925     69777540640427
489 valid 119242816     69777659883243
490 valid 2776175     69777662659418
492 valid 701907953     69778364567371
494 valid 4237     69778364571608
495 valid 334     69778364571942
496 valid 8716     69778364580658
498 valid 2261424     69778366842082
499 valid 3700     69778366845782
500 valid 671175     69778367516957
503 valid 1715     69778367518672
504 valid 52378     69778367571050
505 valid 32     69778367571082
506 valid 71295537753     69849663108835
507 valid 34542     69849663143377
508 valid 2832644     69849665976021
510 valid 663752103951     70513418079972
512 valid 1112816     70513419192788
513 valid 608225     70513419801013
516 valid 77831461     70513497632474
517 valid 280640     70513497913114
518 valid 22673927     70513520587041
520 valid 16021618208     70529542205249
521 valid 130387     70529542335636
524 valid 154225     70529542489861
525 valid 1924560677     70531467050538
527 valid 386463     70531467437001
528 valid 61654284961     70593121721962
530 valid 181746     70593121903708
538 valid 26233385     70593148137093
539 valid 20269389221     70613417526314
540 valid 2282784237833     72896201764147
542 valid 1611982     72896203376129
544 valid 222805681     72896426181810
546 valid 14585438833     72911011620643
547 valid 23412     72911011644055
548 valid 21366575784883     94277587428938
549 valid 712636287     94278300065225
550 valid 1167610     94278301232835
551 valid 1780908850     94280082141685
552 valid 55250     94280082196935
553 valid 78589     94280082275524
554 valid 222410760     94280304686284
555 valid 16554988493568    110835293179852
557 valid 481725    110835293661577
559 valid 1450717    110835295112294
561 valid 73630440    110835368742734
562 valid 1529044    110835370271778
563 valid 245940029    110835616211807
565 valid 82802721    110835699014528
567 valid 452196    110835699466724
568 valid 2383008    110835701849732
569 valid 435601    110835702285333
570 valid 1892    110835702287225
572 valid 155303680    110835857590905
574 valid 14435769    110835872026674
576 valid 8388299868    110844260326542
577 valid 5591700    110844265918242
583 valid 14994272    110844280912514
585 valid 37171659    110844318084173
587 valid 516724523    110844834808696
588 valid 8547254016    110853382062712
590 valid 202045216    110853584107928
591 valid 2142699050    110855726806978
593 valid 56968    110855726863946
596 valid 609005    110855727472951
597 valid 7664    110855727480615
598 valid 24519673876    110880247154491
599 valid 4891    110880247159382
601 valid 11940400213    110892187559595
603 valid 15730032    110892203289627
604 valid 48884514    110892252174141
605 valid 5006910    110892257181051
607 valid 1081631943    110893338812994
608 valid 114117    110893338927111
609 valid 2364516    110893341291627
612 valid 831885228070    111725226519697
613 valid 46568189    111725273087886
614 valid 569680268    111725842768154
616 valid 638078    111725843406232
618 valid 13364    111725843419596
621 valid 672708    111725844092304
622 valid 1373522976    111727217615280
623 valid 30840121    111727248455401
627 valid 9774960642281    121502209097682
629 valid 62838    121502209160520
631 valid 559683    121502209720203
632 valid 63466    121502209783669
633 valid 995672    121502210779341
636 valid 1476176    121502212255517
640 valid 2047338    121502214302855
641 valid 11510262    121502225813117
642 valid 2643171379    121504868984496
643 valid 87781    121504869072277
645 valid 11702763    121504880775040
646 valid 5144841    121504885919881
647 valid 6088926    121504892008807
649 valid 47638073    121504939646880
650 valid 29882356081    121534822002961
651 valid 49010208    121534871013169
655 valid 34066    121534871047235
656 valid 1057    121534871048292
658 valid 33205    121534871081497
659 valid 66709    121534871148206
660 valid 2475718    121534873623924
661 valid 7578683    121534881202607
662 valid 786430    121534881989037
663 valid 44135460    121534926124497
665 valid 1147031    121534927271528
666 valid 206732821    121535134004349
667 valid 36449490    121535170453839
669 valid 86    121535170453925
671 valid 712856718    121535883310643
673 valid 517974543    121536401285186
674 valid 74817    121536401360003
676 valid 271822863    121536673182866
678 valid 448211577679    121984884760545
679 valid 1968308    121984886728853
681 valid 4774983552    121989661712405
682 valid 258648    121989661971053
683 valid 5747901413760    127737563384813
684 valid 398710669    127737962095482
685 valid 4389    127737962099871
686 valid 21212    127737962121083
687 valid 6870    127737962127953
688 valid 42565865    127738004693818
691 valid 194448    127738004888266
692 valid 94388    127738004982654
695 valid 921784868160    128659789850814
696 valid 124045837347    128783835688161
697 valid 140597144622    128924432832783
698 valid 13288550    128924446121333
699 valid 489624800    128924935746133
700 valid 31824    128924935777957
702 valid 5400210715    128930335988672
703 valid 30660861688    128960996850360
704 valid 10629    128960996860989
705 valid 20252735    128961017113724
707 valid 7806036    128961024919760
710 valid 48933    128961024968693
711 valid 439188456    128961464157149
713 valid 514470819    128961978627968
715 valid 8011206990    128969989834958
716 valid 67314    128969989902272
718 valid 77330133    128970067232405
719 valid 14652470880098    143622538112503
720 valid 68484217991    143691022330494
721 valid 8888898    143691031219392
723 valid 1545635    143691032765027
725 valid 22531835    143691055296862
727 valid 1810285    143691057107147
729 valid 42855    143691057150002
730 valid 445    143691057150447
731 valid 8047    143691057158494
732 valid 1021    143691057159515
733 valid 1064    143691057160579
734 valid 402479220    143691459639799
735 valid 589455408    143692049095207
737 valid 179340    143692049274547
738 valid 1210205016    143693259479563
739 valid 9564    143693259489127
741 valid 94121829    143693353610956
742 valid 2922    143693353613878
744 valid 7846808    143693361460686
745 valid 366220    143693361826906
747 valid 1364793638489    145058155465395
749 valid 31440    145058155496835
750 valid 563024    145058156059859
751 valid 968436    145058157028295
752 valid 54483    145058157082778
753 valid 35696    145058157118474
755 valid 4640985990    145062798104464
758 valid 1165    145062798105629
760 valid 25705178    145062823810807
761 valid 96427474    145062920238281
767 valid 3322698    145062923560979
768 valid 217862649    145063141423628
770 valid 3245407825    145066386831453
771 valid 51713982    145066438545435
772 valid 130867    145066438676302
773 valid 393375    145066439069677
774 valid 9640088670    145076079158347
775 valid 27977912    145076107136259
776 valid 22015896015    145098123032274
778 valid 252687    145098123284961
779 valid 2688762662709    147786885947670
781 valid 70719660    147786956667330
784 valid 13035    147786956680365
788 valid 201379689098    147988336369463
789 valid 1081964    147988337451427
794 valid 325472    147988337776899
796 valid 950015391    147989287792290
797 valid 2488834474356    150478122266646
803 valid 2735378    150478125002024
804 valid 31544    150478125033568
806 valid 3813649    150478128847217
807 valid 125764604056    150603893451273
808 valid 5353720042    150609247171315
809 valid 2046728    150609249218043
811 valid 75530    150609249293573
812 valid 5585555520    150614834849093
814 valid 6005643840    150620840492933
817 valid 677    150620840493610
818 valid 5929    150620840499539
819 valid 133575    150620840633114
820 valid 23813165    150620864446279
821 valid 321    150620864446600
822 valid 7572679    150620872019279
827 valid 2124521    150620874143800
829 valid 73836378    150620947980178
830 valid 6324    150620947986502
832 valid 2264807129    150623212793631
834 valid 8041812452    150631254606083
837 valid 30132    150631254636215
840 valid 67142400    150631321778615
841 valid 4859    150631321783474
845 valid 49162643986    150680484427460
846 valid 8804602981773    159485087409233
847 valid 4113176424    159489200585657
848 valid 1117038228    159490317623885
849 valid 13544236    159490331168121
850 valid 69460233    159490400628354
total: 	   159490400628354
